  0.000000000000000E+000
   1.20000000000000     
  0.900000000000000     
   1.00000000000000     
  0.900000000000000     
   1.00000000000000     
   1.20000000000000     
  0.000000000000000E+000
   1.00000000000000     
  0.900000000000000     
   1.00000000000000     
  0.900000000000000     
  0.900000000000000     
   1.00000000000000     
  0.000000000000000E+000
   1.20000000000000     
  0.900000000000000     
   1.00000000000000     
   1.00000000000000     
  0.900000000000000     
   1.20000000000000     
  0.000000000000000E+000
   1.00000000000000     
  0.900000000000000     
  0.900000000000000     
   1.00000000000000     
  0.900000000000000     
   1.00000000000000     
  0.000000000000000E+000
   1.20000000000000     
   1.00000000000000     
  0.900000000000000     
   1.00000000000000     
  0.900000000000000     
   1.20000000000000     
  0.000000000000000E+000
